# Blender v3.0.0 OBJ File: 'atat.blend'
# www.blender.org
mtllib damaged1.mtl
o body.003_Cube.068
v -4.859960 0.675012 -4.556006
v -5.201591 0.598968 -5.112449
v -4.859396 0.068375 -4.555345
v -5.201167 0.142572 -5.111952
v -4.239222 0.675012 -5.085175
v -4.734586 0.598968 -5.510563
v -4.238658 0.068375 -5.084514
v -4.734162 0.142572 -5.510066
v -4.689012 0.146623 -4.517240
v -4.689431 0.597164 -4.517730
v -4.227998 0.146623 -4.910247
v -4.228416 0.597164 -4.910738
v -4.721808 0.585887 -5.479458
v -4.721409 0.155744 -5.478989
v -3.907900 0.614745 -5.293313
v -4.250839 0.586153 -5.637540
v -3.907449 0.128804 -5.292783
v -4.250440 0.156009 -5.637071
v -4.404942 0.156487 -4.764747
v -4.405342 0.587289 -4.765216
v -4.255701 0.537242 -5.356449
v -4.255393 0.205523 -5.356088
v -3.818085 0.537833 -5.187428
v -3.952382 0.537378 -5.490746
v -3.817777 0.206113 -5.187067
v -3.952074 0.205658 -5.490385
v -4.214258 0.453602 -5.469318
v -4.063743 0.453669 -5.535960
v -4.086629 0.247262 -4.998424
v -4.086860 0.496595 -4.998695
v -5.354963 0.543626 -4.747233
v -5.354642 0.198425 -4.746857
v -4.748739 0.585791 -4.737434
v -5.163047 0.543438 -5.082865
v -4.748341 0.157407 -4.736968
v -5.162726 0.198237 -5.082489
v -5.052248 0.177301 -4.410767
v -5.052608 0.566043 -4.411190
v -5.328267 0.484851 -4.232172
v -5.475195 0.484527 -4.404524
v -5.328056 0.258371 -4.231925
v -5.474985 0.258047 -4.404278
v -5.030690 0.484851 -4.485851
v -5.177618 0.484527 -4.658204
v -5.030480 0.258371 -4.485604
v -5.177408 0.258047 -4.657957
v -4.883942 0.215221 -4.490568
v -4.884245 0.542276 -4.490924
v -4.781762 0.215325 -4.482431
v -4.782065 0.542380 -4.482787
v -4.789899 0.215428 -4.380251
v -4.790202 0.542483 -4.380607
v -4.892079 0.215325 -4.388388
v -4.892383 0.542380 -4.388744
v -5.324503 0.232340 -4.200650
v -5.324762 0.510957 -4.200953
v -5.505513 0.510558 -4.412982
v -5.505255 0.231941 -4.412679
v -5.336442 0.232340 -4.190473
v -5.336700 0.510957 -4.190776
v -5.517451 0.510558 -4.402805
v -5.517193 0.231941 -4.402502
v -4.958609 0.385665 -4.520761
v -4.939124 0.385863 -4.354821
v -4.778359 0.386062 -4.309320
v -4.467277 0.408318 -4.721627
v -4.509668 0.408224 -4.771353
v -4.958711 0.495817 -4.520880
v -4.939226 0.496016 -4.354941
v -4.778461 0.496214 -4.309440
v -4.467338 0.473639 -4.721698
v -4.509729 0.473545 -4.771424
v -4.099742 0.493330 -5.196181
v -3.940460 0.493532 -5.145736
v -3.926110 0.493727 -4.979274
v -4.389665 0.471129 -4.751525
v -4.430500 0.471036 -4.802536
v -4.099640 0.383178 -5.196061
v -3.940357 0.383380 -5.145617
v -3.926007 0.383575 -4.979155
v -4.389605 0.405809 -4.751453
v -4.430439 0.405715 -4.802465
v -4.958591 0.365444 -4.520739
v -4.967726 0.365561 -4.406015
v -4.836611 0.365795 -4.302456
v -4.467217 0.343266 -4.721557
v -4.509608 0.343172 -4.771283
v -4.958488 0.255292 -4.520619
v -4.967624 0.255409 -4.405896
v -4.836509 0.255643 -4.302337
v -4.467156 0.277945 -4.721485
v -4.509547 0.277852 -4.771212
v -4.099513 0.246813 -5.195912
v -3.940231 0.247016 -5.145468
v -3.925880 0.247211 -4.979005
v -4.389478 0.269444 -4.751305
v -4.430312 0.269350 -4.802317
v -4.099615 0.356965 -5.196032
v -3.940333 0.357168 -5.145587
v -3.925983 0.357363 -4.979125
v -4.389538 0.334764 -4.751376
v -4.430373 0.334671 -4.802388
v -5.046913 0.481712 -3.910656
v -4.925999 0.622102 -4.468168
v -5.055685 0.448442 -3.920911
v -4.934963 0.588101 -4.478649
v -4.876150 0.429153 -3.886215
v -4.751480 0.568388 -4.443189
v -4.884922 0.395884 -3.896470
v -4.760445 0.534387 -4.453669
v -4.944947 0.656409 -4.485236
v -4.914951 0.591483 -4.300260
v -4.724996 0.554856 -4.343920
v -4.700652 0.579733 -4.445450
v -4.803165 0.638135 -4.547233
v -4.965462 0.578601 -4.509219
v -4.935466 0.513676 -4.324243
v -4.745511 0.477049 -4.367903
v -4.721168 0.501926 -4.469433
v -4.823681 0.560328 -4.571216
v -4.774144 0.104166 -3.861136
v -4.933740 0.190960 -4.419836
v -4.770354 0.139589 -3.856690
v -4.929866 0.227163 -4.415292
v -4.601473 0.092038 -3.911705
v -4.757270 0.178566 -4.471516
v -4.597682 0.127462 -3.907259
v -4.753397 0.214769 -4.466972
v -4.952652 0.178578 -4.485020
v -4.943686 0.158262 -4.330791
v -4.748362 0.134280 -4.306215
v -4.721143 0.155873 -4.501469
v -4.867488 0.177664 -4.550335
v -4.943789 0.261423 -4.474623
v -4.934823 0.241107 -4.320394
v -4.739498 0.217125 -4.295818
v -4.712280 0.238718 -4.491071
v -4.858624 0.260509 -4.539938
v -3.653882 0.381325 -4.699475
v -4.144882 0.543344 -4.978434
v -3.660666 0.346980 -4.707432
v -4.151814 0.508243 -4.986567
v -3.560436 0.398383 -4.852761
v -4.049381 0.560777 -5.135092
v -3.567220 0.364038 -4.860718
v -4.056314 0.525676 -5.143224
v -4.194610 0.582743 -5.005544
v -4.084892 0.537663 -4.904502
v -3.924513 0.532993 -5.021069
v -3.985065 0.576642 -5.157846
v -4.175513 0.602987 -5.109204
v -4.210474 0.502419 -5.024154
v -4.100757 0.457339 -4.923112
v -3.940378 0.452669 -5.039679
v -4.000929 0.496318 -5.176455
v -4.191378 0.522663 -5.127814
v -4.897963 0.421091 -3.406475
v -5.011534 0.438062 -3.823742
v -4.900617 0.390553 -3.407030
v -5.014104 0.408485 -3.824280
v -4.751665 0.409231 -3.453566
v -4.869840 0.426575 -3.869351
v -4.754319 0.378693 -3.454121
v -4.872410 0.396998 -3.869888
v -4.847801 0.101043 -3.179065
v -4.972641 0.065740 -3.322807
v -4.821475 0.059570 -3.517348
v -4.629400 0.104155 -3.369512
v -4.716448 0.115744 -3.196939
v -4.862253 0.212238 -3.193822
v -4.795020 0.221520 -3.189728
v -4.987094 0.176935 -3.337564
v -4.835927 0.170765 -3.532105
v -4.643853 0.215350 -3.384269
v -4.730901 0.226939 -3.211696
v -4.807131 0.249820 -3.255457
v -4.874870 0.213590 -3.462111
v -4.790152 0.223072 -3.473639
v -4.709633 0.245841 -3.380930
v -4.713010 0.251162 -3.337531
v -4.823208 0.343191 -3.296808
v -4.915224 0.321831 -3.367631
v -4.873523 0.316280 -3.450305
v -4.810596 0.323322 -3.458867
v -4.750789 0.340235 -3.390006
v -4.959019 0.445738 -3.394615
v -4.949317 0.436472 -3.512438
v -4.965125 0.375495 -3.395892
v -4.953600 0.387192 -3.513334
v -4.692792 0.423888 -3.465551
v -4.762542 0.421143 -3.562204
v -4.698898 0.353645 -3.466827
v -4.766825 0.371863 -3.563100
v -4.882737 0.384969 -3.354160
v -4.879632 0.420697 -3.353510
v -4.899340 0.438229 -3.372502
v -4.981639 0.264324 -3.338311
v -4.658647 0.286551 -3.380198
v -4.767651 0.446514 -3.389465
v -4.874609 0.396032 -3.369202
v -4.929563 0.267908 -3.345065
v -4.710639 0.282973 -3.373455
v -4.785350 0.401648 -3.380699
v -4.879993 0.389351 -3.414270
v -4.934620 0.261633 -3.387388
v -4.715696 0.276699 -3.415778
v -4.790735 0.394966 -3.425767
v -4.904725 0.431548 -3.417571
v -4.986696 0.258049 -3.380634
v -4.663703 0.280277 -3.422521
v -4.773035 0.439833 -3.434533
v -4.993993 0.279902 -3.374416
v -4.657174 0.303081 -3.418095
v -4.990945 0.267267 -3.357619
v -4.654127 0.290445 -3.401299
v -4.990468 0.284276 -3.344910
v -4.653649 0.307455 -3.388590
v -4.993515 0.296912 -3.361707
v -4.656697 0.320090 -3.405386
v -5.032086 0.062549 -3.300169
v -5.033275 0.069421 -3.301045
v -5.037415 0.055937 -3.344769
v -5.038603 0.062809 -3.345646
v -4.946619 0.076064 -3.292430
v -4.952503 0.110093 -3.296772
v -4.956549 0.063743 -3.375542
v -4.962434 0.097772 -3.379884
v -4.568134 0.108555 -3.362422
v -4.568565 0.115503 -3.363400
v -4.573463 0.101943 -3.407023
v -4.573894 0.108891 -3.408001
v -4.649559 0.105521 -3.332290
v -4.651693 0.139922 -3.337134
v -4.659490 0.093200 -3.415402
v -4.661623 0.127601 -3.420247
v -4.855226 0.045815 -3.583376
v -4.856158 0.052676 -3.584582
v -4.810512 0.050819 -3.589460
v -4.811444 0.057681 -3.590667
v -4.864771 0.057311 -3.497796
v -4.869387 0.091289 -3.503770
v -4.781449 0.066637 -3.509134
v -4.786065 0.100614 -3.515108
v -4.798831 0.115786 -3.111373
v -4.799694 0.122734 -3.111999
v -4.754117 0.120791 -3.117457
v -4.754980 0.127739 -3.118083
v -4.828241 0.102636 -3.192053
v -4.832513 0.137039 -3.195154
v -4.744918 0.111961 -3.203391
v -4.749191 0.146365 -3.206492
v -4.927207 0.486020 -3.991351
v -5.004351 0.504046 -3.983841
v -5.064387 0.489771 -3.886176
v -4.999980 0.446420 -3.800625
v -4.922837 0.428394 -3.808135
v -4.862801 0.442669 -3.905800
v -4.942418 0.428333 -4.009132
v -5.019561 0.446358 -4.001623
v -5.079597 0.432084 -3.903958
v -5.015191 0.388732 -3.818406
v -4.938047 0.370706 -3.825916
v -4.878011 0.384981 -3.923581
v -4.438192 0.223607 -3.500773
v -4.721553 0.123343 -3.812144
v -4.442824 0.253422 -3.506206
v -4.726039 0.152220 -3.817406
v -4.328397 0.220953 -3.608936
v -4.615213 0.120773 -3.916902
v -4.333028 0.250768 -3.614369
v -4.619699 0.149650 -3.922164
v -4.189963 0.152178 -3.229925
v -4.295289 0.309067 -3.187669
v -4.238609 0.465324 -3.286989
v -4.138178 0.464932 -3.374754
v -4.032852 0.308043 -3.417010
v -4.089532 0.151787 -3.317690
v -4.262397 0.125843 -3.312694
v -4.210178 0.112747 -3.354226
v -4.367723 0.282732 -3.270438
v -4.311043 0.438988 -3.369758
v -4.210612 0.438597 -3.457523
v -4.105286 0.281708 -3.499779
v -4.161966 0.125451 -3.400459
v -4.243829 0.164078 -3.392962
v -4.308884 0.374494 -3.402980
v -4.189117 0.314908 -3.488832
v -4.188958 0.195860 -3.451093
v -4.311762 0.169084 -3.470721
v -4.387237 0.250518 -3.430581
v -4.271124 0.281116 -3.541930
v -4.271006 0.192690 -3.513899
v -4.486130 0.203833 -3.458500
v -4.529611 0.188002 -3.567684
v -4.496784 0.272414 -3.470997
v -4.537085 0.236116 -3.576451
v -4.279887 0.202347 -3.642477
v -4.384917 0.186960 -3.696755
v -4.290540 0.270927 -3.654974
v -4.392392 0.235073 -3.705523
v -4.404016 0.269377 -3.468982
v -4.398598 0.234494 -3.462626
v -4.391467 0.207944 -3.581438
v -4.452535 0.231568 -3.399738
v -4.409085 0.250535 -3.340579
v -4.154554 0.252827 -3.544985
v -4.264496 0.220823 -3.619002
v -4.362307 0.219196 -3.544547
v -4.403698 0.235209 -3.421391
v -4.368047 0.250905 -3.373535
v -4.195527 0.252458 -3.512081
v -4.276247 0.227926 -3.570008
v -4.369238 0.263813 -3.552678
v -4.410629 0.279826 -3.429522
v -4.374556 0.292804 -3.381170
v -4.240124 0.281652 -3.564853
v -4.202035 0.294357 -3.519716
v -4.398398 0.252561 -3.589569
v -4.459466 0.276185 -3.407868
v -4.415594 0.292434 -3.348214
v -4.161063 0.294726 -3.552620
v -4.432382 0.279217 -3.358839
v -4.166956 0.281607 -3.571995
v -4.420987 0.268108 -3.344774
v -4.155561 0.270498 -3.557931
v -4.427845 0.250007 -3.353516
v -4.162419 0.252397 -3.566672
v -4.434962 0.251813 -3.362359
v -4.169536 0.254203 -3.575515
v -4.438171 0.272467 -3.366122
v -4.172745 0.274857 -3.579279
v -4.340649 0.294508 -3.145397
v -4.345369 0.292874 -3.150342
v -4.347508 0.338662 -3.153443
v -4.352228 0.337028 -3.158388
v -4.274836 0.274881 -3.198601
v -4.298209 0.266788 -3.223088
v -4.287618 0.357161 -3.213594
v -4.310991 0.349068 -3.238082
v -3.982698 0.294508 -3.450544
v -3.986834 0.292874 -3.455988
v -3.989557 0.338663 -3.458591
v -3.993693 0.337028 -3.464034
v -4.045647 0.274881 -3.393981
v -4.066127 0.266788 -3.420935
v -4.058429 0.357161 -3.408974
v -4.078908 0.349068 -3.435928
v -4.220224 0.547122 -3.328290
v -4.224767 0.545774 -3.333483
v -4.186037 0.546989 -3.358166
v -4.190579 0.545641 -3.363358
v -4.223068 0.464567 -3.301388
v -4.245561 0.457892 -3.327097
v -4.159361 0.464319 -3.357061
v -4.181854 0.457644 -3.382770
v -4.147635 0.079850 -3.243141
v -4.152089 0.077927 -3.248228
v -4.113448 0.079717 -3.273016
v -4.117901 0.077794 -3.278104
v -4.176048 0.161889 -3.246232
v -4.198099 0.152369 -3.271422
v -4.112341 0.161640 -3.301905
v -4.134393 0.152120 -3.327095
v -4.693648 0.081070 -3.978093
v -4.780772 0.081361 -3.902224
v -4.771825 0.096879 -3.824690
v -4.670271 0.121622 -3.775486
v -4.601490 0.125040 -3.815361
v -4.592094 0.105812 -3.928889
v -4.703053 0.141611 -3.989125
v -4.790176 0.141902 -3.913257
v -4.781230 0.157421 -3.835722
v -4.679676 0.182163 -3.786518
v -4.610895 0.185581 -3.826393
v -4.601499 0.166353 -3.939921
v -3.399781 0.139822 -4.433695
v -3.645438 0.367250 -4.707972
v -3.410254 0.113758 -4.445981
v -3.655581 0.342007 -4.719870
v -3.288087 0.144957 -4.539805
v -3.537259 0.372223 -4.810742
v -3.298560 0.118893 -4.552091
v -3.547402 0.346980 -4.822641
v -3.253793 0.441165 -4.277165
v -3.278327 0.306588 -4.140123
v -3.195744 0.203448 -4.121926
v -3.008453 0.203189 -4.282107
v -3.013458 0.306222 -4.366654
v -3.152432 0.441025 -4.363855
v -3.315339 0.379206 -4.349028
v -3.269373 0.390234 -4.397903
v -3.339873 0.244630 -4.211986
v -3.257290 0.141489 -4.193788
v -3.069999 0.141231 -4.353969
v -3.075004 0.244264 -4.438516
v -3.213978 0.379066 -4.435717
v -3.313506 0.223775 -4.276311
v -3.260242 0.157253 -4.264574
v -3.223872 0.136832 -4.278116
v -3.133889 0.187565 -4.398923
v -3.142673 0.223539 -4.422416
v -3.311771 0.239126 -4.447232
v -3.345545 0.169372 -4.358166
v -3.278967 0.104794 -4.359507
v -3.212131 0.142477 -4.449239
v -3.444070 0.158618 -4.387206
v -3.479534 0.208392 -4.488829
v -3.468160 0.098667 -4.415464
v -3.496434 0.166333 -4.508654
v -3.235649 0.160423 -4.568710
v -3.333313 0.209658 -4.616165
v -3.259739 0.100472 -4.596968
v -3.350214 0.167599 -4.635991
v -3.376879 0.081776 -4.414209
v -3.364626 0.112270 -4.399836
v -3.344366 0.113610 -4.504718
v -3.416155 0.168220 -4.333936
v -3.379313 0.208441 -4.281281
v -3.123851 0.215744 -4.484404
v -3.222027 0.144616 -4.546792
v -3.319872 0.140070 -4.472503
v -3.368530 0.177084 -4.356748
v -3.338125 0.209618 -4.314031
v -3.164973 0.214569 -4.451707
v -3.236951 0.161086 -4.501021
v -3.303566 0.101689 -4.453376
v -3.352225 0.138704 -4.337621
v -3.322813 0.173576 -4.296070
v -3.181221 0.144275 -4.472219
v -3.149661 0.178526 -4.433745
v -3.328061 0.075229 -4.485591
v -3.399850 0.129839 -4.314809
v -3.364001 0.172398 -4.263320
v -3.108539 0.179702 -4.466442
v -3.383021 0.167624 -4.276918
v -3.116623 0.175240 -4.488735
v -3.380681 0.188408 -4.273228
v -3.114284 0.196024 -4.485045
v -3.393696 0.192751 -4.289440
v -3.127298 0.200367 -4.501257
v -3.396036 0.171967 -4.293130
v -3.129638 0.179583 -4.504947
v -3.331468 0.318208 -4.106997
v -3.335514 0.314361 -4.111268
v -3.315332 0.280225 -4.088069
v -3.319378 0.276378 -4.092340
v -3.274862 0.333774 -4.171034
v -3.294898 0.314725 -4.192179
v -3.244792 0.262994 -4.135761
v -3.264828 0.243945 -4.156907
v -2.970807 0.320964 -4.408924
v -2.974264 0.317122 -4.413687
v -2.954670 0.282982 -4.389995
v -2.958128 0.279139 -4.394758
v -3.043937 0.335539 -4.364351
v -3.061058 0.316512 -4.387938
v -3.013868 0.264759 -4.329079
v -3.030988 0.245732 -4.352665
v -3.078150 0.101719 -4.133992
v -3.081867 0.097625 -4.138331
v -3.043646 0.101672 -4.163502
v -3.047363 0.097577 -4.167841
v -3.123861 0.171791 -4.157393
v -3.142265 0.151517 -4.178880
v -3.059563 0.171703 -4.212384
v -3.077968 0.151428 -4.233871
v -3.248917 0.503684 -4.334308
v -3.252843 0.500083 -4.338894
v -3.214412 0.503636 -4.363818
v -3.218339 0.500036 -4.368403
v -3.234476 0.432166 -4.287149
v -3.253920 0.414339 -4.309855
v -3.170178 0.432078 -4.342140
v -3.189622 0.414250 -4.364846
v -3.654756 0.434199 -4.802338
v -3.681965 0.411541 -4.731073
v -3.619818 0.350718 -4.655015
v -3.493247 0.334268 -4.728017
v -3.548718 0.409927 -4.841239
v -3.676022 0.381276 -4.827284
v -3.703231 0.358618 -4.756019
v -3.641084 0.297795 -4.679960
v -3.514513 0.281345 -4.752963
v -3.569984 0.357003 -4.866185
vt 0.375000 0.500000
vt 0.625000 0.750000
vt 0.375000 0.750000
vt 0.625000 0.500000
vt 0.375000 0.750000
vt 0.375000 0.500000
vt 0.625000 0.500000
vt 0.375000 0.750000
vt 0.375000 0.500000
vt 0.000000 0.000000
vt 0.000000 0.000000
vt 0.000000 0.000000
vt 0.625000 0.250000
vt 0.375000 0.500000
vt 0.375000 0.250000
vt 0.375000 0.750000
vt 0.125000 0.500000
vt 0.375000 0.500000
vt 0.125000 0.500000
vt 0.375000 0.750000
vt 0.125000 0.750000
vt 0.625000 0.750000
vt 0.625000 0.250000
vt 0.875000 0.750000
vt 0.000000 0.000000
vt 0.000000 0.000000
vt 0.000000 0.000000
vt 0.375000 0.000000
vt 0.625000 0.250000
vt 0.375000 0.250000
vt 0.625000 1.000000
vt 0.625000 0.750000
vt 0.000000 0.000000
vt 0.000000 0.000000
vt 0.000000 0.000000
vt 0.000000 0.000000
vt 0.000000 0.000000
vt 0.000000 0.000000
vt 0.375000 0.750000
vt 0.625000 1.000000
vt 0.375000 1.000000
vt 0.875000 0.500000
vt 0.625000 0.750000
vt 0.625000 0.500000
vt 0.375000 0.500000
vt 0.375000 0.250000
vt 0.625000 0.000000
vt 0.375000 0.250000
vt 0.375000 0.000000
vt 0.875000 0.500000
vt 0.625000 0.750000
vt 0.625000 0.500000
vt 0.375000 0.750000
vt 0.375000 0.500000
vt 0.000000 0.000000
vt 0.000000 0.000000
vt 0.000000 0.000000
vt 0.990000 0.250000
vt 0.510000 0.250000
vt 0.750000 0.490000
vt 0.875000 0.500000
vt 0.625000 0.750000
vt 0.875000 0.750000
vt 0.625000 1.000000
vt 0.375000 1.000000
vt 0.625000 1.000000
vt 0.125000 0.750000
vt 0.125000 0.500000
vt 0.125000 0.750000
vt 0.875000 0.500000
vt 0.625000 0.250000
vt 0.375000 0.250000
vt 0.625000 0.250000
vt 0.625000 0.500000
vt 0.000000 0.000000
vt 0.000000 0.000000
vt 0.000000 0.000000
vt 0.375000 0.750000
vt 0.125000 0.500000
vt 0.375000 0.500000
vt 0.080294 0.080294
vt 0.080294 0.419706
vt 0.250000 0.490000
vt 0.375000 1.000000
vt 0.125000 0.500000
vt 0.125000 1.000000
vt 0.625000 0.750000
vt 0.375000 0.500000
vt 0.625000 0.500000
vt 0.375000 0.750000
vt 0.625000 1.000000
vt 0.375000 1.000000
vt 0.000000 0.000000
vt 0.000000 0.000000
vt 0.000000 0.000000
vt 0.000000 0.000000
vt 0.000000 0.000000
vt 0.000000 0.000000
vt 0.000000 0.000000
vt 0.000000 0.000000
vt 0.625000 0.500000
vt 0.375000 0.250000
vt 0.625000 0.250000
vt 0.000000 0.000000
vt 0.000000 0.000000
vt 0.000000 0.000000
vt 0.375000 0.750000
vt 0.125000 0.500000
vt 0.125000 0.750000
vt 0.000000 0.000000
vt 0.000000 0.000000
vt 0.375000 0.000000
vt 0.625000 0.000000
vt 0.000000 0.000000
vt 0.000000 0.000000
vt 0.000000 0.000000
vt 0.000000 0.000000
vt 0.000000 0.000000
vt 0.000000 0.000000
vt 0.000000 0.000000
vt 0.000000 0.000000
vt 0.000000 0.000000
vt 0.000000 0.000000
vt 0.000000 0.000000
vt 0.000000 0.000000
vt 0.000000 0.000000
vt 0.000000 0.000000
vt 0.000000 0.000000
vt 0.000000 0.000000
vt 0.000000 0.000000
vt 0.000000 0.000000
vt 0.000000 0.000000
vt 0.375000 0.500000
vt 0.625000 0.250000
vt 0.375000 0.250000
vt 0.625000 1.000000
vt 0.375000 0.750000
vt 0.375000 1.000000
vt 0.375000 0.750000
vt 0.125000 0.500000
vt 0.125000 0.750000
vt 0.000000 0.000000
vt 0.625000 1.000000
vt 0.375000 1.000000
vt 0.125000 0.750000
vt 0.375000 0.750000
vt 0.625000 0.250000
vt 0.375000 0.000000
vt 0.375000 0.250000
vt 0.875000 0.500000
vt 0.875000 0.500000
vt 0.625000 0.750000
vt 0.875000 0.750000
vt 0.375000 0.250000
vt 0.625000 0.250000
vt 0.875000 0.500000
vt 0.625000 0.750000
vt 0.625000 0.500000
vt 0.000000 0.000000
vt 0.000000 0.000000
vt 0.000000 0.000000
vt 0.000000 0.000000
vt 0.000000 0.000000
vt 0.375000 0.750000
vt 0.125000 0.500000
vt 0.125000 0.750000
vt 0.375000 0.500000
vt 0.125000 0.750000
vt 0.125000 0.500000
vt 0.000000 0.000000
vt 0.000000 0.000000
vt 0.000000 0.000000
vt 0.625000 0.250000
vt 0.375000 0.000000
vt 0.375000 0.250000
vt 0.000000 0.000000
vt 0.000000 0.000000
vt 0.000000 0.000000
vt 0.000000 0.000000
vt 0.625000 0.750000
vt 0.375000 0.750000
vt 0.375000 0.000000
vt 0.625000 0.250000
vt 0.375000 0.250000
vt 0.875000 0.750000
vt 0.625000 0.500000
vt 0.625000 0.750000
vt 0.000000 0.000000
vt 0.000000 0.000000
vt 0.625000 0.500000
vt 0.375000 0.750000
vt 0.875000 0.750000
vt 0.625000 0.750000
vt 0.625000 1.000000
vt 0.375000 1.000000
vt 0.625000 0.750000
vt 0.375000 1.000000
vt 0.875000 0.750000
vt 0.625000 0.500000
vt 0.625000 0.750000
vt 0.875000 0.500000
vt 0.625000 0.750000
vt 0.125000 0.500000
vt 0.125000 0.750000
vt 0.625000 0.250000
vt 0.375000 0.500000
vt 0.000000 0.000000
vt 0.000000 0.000000
vt 0.000000 0.000000
vt 0.000000 0.000000
vt 0.000000 0.000000
vt 0.000000 0.000000
vt 0.375000 0.500000
vt 0.375000 0.250000
vt 0.375000 0.250000
vt 0.000000 0.000000
vt 0.000000 0.000000
vt 0.000000 0.000000
vt 0.000000 0.000000
vt 0.000000 0.000000
vt 0.000000 0.000000
vt 0.000000 0.000000
vt 0.000000 0.000000
vt 0.000000 0.000000
vt 0.000000 0.000000
vt 0.625000 0.000000
vt 0.375000 0.250000
vt 0.625000 0.250000
vt 0.625000 0.750000
vt 0.625000 0.500000
vt 0.625000 0.250000
vt 0.375000 0.000000
vt 0.625000 0.000000
vt 0.000000 0.000000
vt 0.000000 0.000000
vt 0.375000 1.000000
vt 0.000000 0.000000
vt 0.625000 0.750000
vt 0.375000 1.000000
vt 0.625000 1.000000
vt 0.000000 0.000000
vt 0.000000 0.000000
vt 0.000000 0.000000
vt 0.875000 0.500000
vt 0.625000 0.500000
vt 0.000000 0.000000
vt 0.000000 0.000000
vt 0.000000 0.000000
vt 0.000000 0.000000
vt 0.000000 0.000000
vt 0.000000 0.000000
vt 0.000000 0.000000
vt 0.000000 0.000000
vt 0.000000 0.000000
vt 0.000000 0.000000
vt 0.625000 1.000000
vt 0.625000 0.750000
vt 0.000000 0.000000
vt 0.875000 0.500000
vt 0.875000 0.750000
vt 0.375000 0.750000
vt 0.125000 0.500000
vt 0.125000 0.750000
vt 0.125000 0.750000
vt 0.375000 0.500000
vt 0.375000 0.750000
vt 0.625000 1.000000
vt 0.375000 1.000000
vt 0.625000 0.500000
vt 0.375000 0.250000
vt 0.625000 0.500000
vt 0.375000 0.750000
vt 0.625000 1.000000
vt 0.375000 1.000000
vt 0.000000 0.000000
vt 0.000000 0.000000
vt 0.000000 0.000000
vt 0.000000 0.000000
vt 0.750000 0.010000
vt 0.990000 0.250000
vt 0.750000 0.490000
vt 0.875000 0.750000
vt 0.625000 0.500000
vt 0.875000 0.500000
vt 0.375000 0.500000
vt 0.000000 0.000000
vt 0.625000 0.000000
vt 0.375000 0.000000
vt 0.875000 0.500000
vt 0.875000 0.500000
vt 0.625000 0.750000
vt 0.625000 0.500000
vt 0.625000 0.000000
vt 0.375000 0.250000
vt 0.375000 0.000000
vt 0.625000 0.500000
vt 0.375000 0.500000
vt 0.625000 0.750000
vt 0.125000 0.500000
vt 0.000000 0.000000
vt 0.000000 0.000000
vt 0.000000 0.000000
vt 0.625000 1.000000
vt 0.375000 0.750000
vt 0.625000 1.000000
vt 0.375000 0.750000
vt 0.625000 0.750000
vt 0.000000 0.000000
vt 0.000000 0.000000
vt 0.000000 0.000000
vt 0.000000 0.000000
vt 0.000000 0.000000
vt 0.625000 0.250000
vt 0.375000 0.250000
vt 0.625000 0.500000
vt 0.625000 0.000000
vt 0.375000 0.250000
vt 0.375000 0.000000
vt 0.000000 0.000000
vt 0.000000 0.000000
vt 0.000000 0.000000
vt 0.000000 0.000000
vt 0.875000 0.500000
vt 0.875000 0.750000
vt 0.000000 0.000000
vt 0.000000 0.000000
vt 0.875000 0.500000
vt 0.875000 0.750000
vt 0.375000 0.500000
vt 0.625000 0.250000
vt 0.000000 0.000000
vt 0.500000 1.000000
vt 0.250000 0.500000
vt 0.500000 0.500000
vt 0.000000 0.000000
vt 0.000000 0.000000
vt 0.000000 0.000000
vt 0.000000 0.000000
vt 0.000000 0.000000
vt 0.000000 0.000000
vt 0.000000 0.000000
vt 0.000000 0.000000
vt 0.000000 0.000000
vt 0.875000 0.750000
vt 0.875000 0.500000
vt 0.000000 0.000000
vt 0.000000 0.000000
vt 0.625000 0.500000
vt 0.375000 0.250000
vt 0.000000 0.000000
vt 0.000000 0.000000
vt 0.000000 0.000000
vt 1.000000 0.500000
vt 0.750000 1.000000
vt 0.750000 0.500000
vt 0.000000 0.000000
vt 0.625000 0.000000
vt 0.375000 0.250000
vt 0.375000 0.000000
vt 0.625000 0.250000
vt 0.375000 0.250000
vt 0.375000 1.000000
vt 0.625000 1.000000
vt 0.010000 0.250000
vt 0.490000 0.250000
vt 0.250000 0.490000
vt 0.375000 0.750000
vt 0.125000 0.500000
vt 0.125000 0.750000
vt 0.375000 0.000000
vt 1.000000 1.000000
vt 0.750000 0.500000
vt 0.750000 1.000000
vt 0.125000 0.750000
vt 0.000000 0.000000
vt 0.000000 0.000000
vt 0.000000 0.000000
vt 0.000000 0.000000
vt 0.125000 0.500000
vt 0.625000 1.000000
vt 0.375000 0.750000
vt 0.375000 1.000000
vt 0.500000 1.000000
vt 0.750000 0.500000
vt 0.750000 1.000000
vt 0.375000 0.500000
vt 0.750000 0.490000
vt 0.750000 0.010000
vt 0.510000 0.250000
vt 0.375000 0.000000
vt 0.625000 0.000000
vt 0.250000 0.010000
vt 0.250000 0.490000
vt 0.010000 0.250000
vt 0.625000 0.500000
vt 0.625000 0.500000
vt 0.375000 0.500000
vt 0.625000 0.250000
vt 0.625000 1.000000
vt 0.375000 1.000000
vt 0.625000 1.000000
vt 0.375000 1.000000
vt 0.375000 1.000000
vt 0.250000 1.000000
vt 0.000000 0.500000
vt 0.250000 0.500000
vt 0.125000 0.750000
vt 0.125000 0.500000
vt 0.000000 0.000000
vt 0.000000 0.000000
vt 0.375000 0.750000
vt 0.125000 0.500000
vt 0.375000 0.250000
vt 0.375000 0.500000
vt 0.000000 0.000000
vt 0.000000 0.000000
vt 0.125000 0.750000
vt 0.375000 0.500000
vt 0.125000 0.500000
vt 0.000000 0.000000
vt 0.000000 0.000000
vt 0.000000 0.000000
vt 0.000000 0.000000
vt 0.000000 0.000000
vt 0.000000 0.000000
vt 0.000000 0.000000
vt 0.875000 0.500000
vt 0.000000 0.000000
vt 0.000000 0.000000
vt 0.000000 0.000000
vt 0.375000 0.000000
vt 0.375000 0.250000
vt 0.625000 1.000000
vt 0.625000 1.000000
vt 0.000000 0.000000
vt 0.000000 0.000000
vt 0.000000 0.000000
vt 0.000000 0.000000
vt 0.000000 0.000000
vt 0.000000 0.000000
vt 0.625000 0.250000
vt 0.375000 0.000000
vt 0.625000 0.000000
vt 0.000000 0.000000
vt 0.000000 0.000000
vt 0.000000 0.000000
vt 0.625000 0.750000
vt 0.375000 1.000000
vt 0.625000 1.000000
vt 0.000000 0.000000
vt 0.375000 0.000000
vt 0.375000 0.000000
vt 0.625000 1.000000
vt 0.375000 1.000000
vt 0.000000 0.000000
vt 0.000000 0.000000
vt 0.875000 0.500000
vt 0.375000 0.250000
vt 0.625000 0.250000
vt 0.375000 0.000000
vt 0.000000 0.000000
vt 0.000000 0.000000
vt 0.000000 0.000000
vt 0.000000 0.000000
vt 0.125000 0.500000
vt 0.000000 0.000000
vt 0.000000 0.000000
vt 0.625000 0.250000
vt 0.000000 0.000000
vt 0.000000 0.000000
vt 0.500000 0.500000
vt 0.375000 0.500000
vt 0.500000 1.000000
vt 0.750000 0.500000
vt 0.750000 1.000000
vt 0.000000 0.000000
vt 0.000000 0.000000
vt 0.375000 0.500000
vt 0.000000 0.000000
vt 0.000000 0.000000
vt 0.000000 0.000000
vt 1.000000 1.000000
vt 1.000000 0.500000
vt 0.375000 0.000000
vt 0.625000 0.250000
vt 0.625000 0.000000
vt 0.000000 0.500000
vt 0.000000 1.000000
vt 0.000000 0.000000
vt 0.000000 0.000000
vt 0.000000 0.000000
vt 0.375000 0.500000
vt 0.625000 0.250000
vt 0.375000 0.250000
vt 0.625000 0.500000
vt 0.375000 0.000000
vt 0.375000 0.250000
vt 0.625000 0.000000
vt 0.875000 0.750000
vt 0.625000 0.750000
vt 0.000000 0.000000
vt 0.000000 0.000000
vt 0.375000 0.750000
vt 0.125000 0.500000
vt 0.125000 0.500000
vt 0.125000 0.750000
vt 0.125000 0.500000
vt 0.125000 0.500000
vt 0.000000 0.000000
vt 0.000000 0.000000
vt 0.000000 0.000000
vt 0.250000 0.500000
vt 0.500000 0.500000
vt 0.000000 0.000000
vt 0.000000 0.000000
vt 0.000000 0.000000
vt 0.625000 1.000000
vt 0.375000 1.000000
vt 0.000000 0.000000
vt 0.125000 0.500000
vt 0.625000 1.000000
vt 0.375000 1.000000
vt 0.875000 0.500000
vt 0.375000 0.500000
vt 0.625000 0.750000
vt 0.000000 0.000000
vt 0.000000 0.000000
vt 0.375000 0.750000
vt 0.625000 1.000000
vt 0.000000 0.000000
vt 0.875000 0.750000
vt 0.875000 0.500000
vt 0.375000 0.000000
vt 0.625000 0.250000
vt 0.375000 0.250000
vt 0.375000 0.000000
vt 0.375000 0.500000
vt 1.000000 1.000000
vt 1.000000 0.500000
vt 0.625000 0.000000
vt 0.375000 0.250000
vt 0.375000 0.000000
vt 0.625000 0.250000
vt 0.375000 0.000000
vt 0.375000 0.250000
vt 0.375000 1.000000
vt 0.000000 0.000000
vt 0.000000 0.000000
vt 0.125000 0.500000
vt 0.875000 0.500000
vt 0.625000 0.750000
vt 0.625000 0.500000
vt 0.500000 1.000000
vt 0.500000 0.500000
vt 0.250000 0.010000
vt 0.250000 0.490000
vt 0.010000 0.250000
vt 0.000000 0.000000
vt 0.000000 0.000000
vt 0.000000 0.000000
vt 0.000000 0.000000
vt 0.750000 0.010000
vt 0.750000 0.490000
vt 0.990000 0.250000
vt 0.000000 1.000000
vt 0.250000 1.000000
vt 0.375000 0.500000
vt 0.125000 0.750000
vt 0.125000 0.500000
vt 0.000000 0.000000
vt 0.000000 0.000000
vt 0.000000 0.000000
vt 0.000000 0.000000
vt 0.625000 0.000000
vt 0.625000 1.000000
vt 0.375000 0.750000
vt 0.375000 1.000000
vt 0.875000 0.500000
vt 0.875000 0.750000
vt 0.625000 0.750000
vt 0.625000 0.000000
vt 0.375000 0.000000
vt 0.250000 1.000000
vt 0.000000 0.500000
vt 0.000000 0.000000
vt 0.625000 1.000000
vt 0.375000 1.000000
vt 0.625000 0.250000
vt 0.625000 0.000000
vt 0.375000 0.250000
vt 0.625000 0.250000
vt 0.375000 0.250000
vt 0.625000 0.000000
vt 0.125000 0.750000
vt 0.375000 0.500000
vt 0.625000 0.000000
vt 0.375000 1.000000
vt 0.000000 0.000000
vt 0.000000 0.000000
vt 0.875000 0.750000
vt 0.875000 0.750000
vt 0.750000 0.010000
vt 0.375000 1.000000
vt 0.125000 0.500000
vt 0.000000 0.000000
vt 0.000000 0.000000
vt 0.125000 0.750000
vt 0.490000 0.250000
vt 0.250000 0.010000
vt 0.000000 0.000000
vt 0.000000 0.000000
vt 0.625000 0.500000
vt 0.125000 0.500000
vt 0.625000 0.000000
vt 0.875000 0.750000
vt 0.875000 0.750000
vt 0.000000 0.000000
vt 0.625000 0.000000
vt 0.000000 0.000000
vt 0.000000 0.000000
vt 0.625000 0.000000
vt 0.875000 0.500000
vt 0.875000 0.500000
vt 0.625000 1.000000
vt 0.875000 0.500000
vt 0.875000 0.750000
vt 0.625000 0.250000
vt 0.375000 0.000000
vt 0.625000 1.000000
vt 0.875000 0.750000
vt 0.375000 1.000000
vt 0.000000 0.000000
vt 0.625000 0.500000
vt 0.125000 0.500000
vt 0.580294 0.419706
vt 0.580294 0.080294
vt 0.875000 0.750000
vt 0.875000 0.750000
vt 0.125000 0.750000
vt 0.375000 1.000000
vt 0.875000 0.750000
vt 0.000000 0.000000
vt 0.000000 0.000000
vt 1.000000 1.000000
vt 0.375000 1.000000
vt 0.250000 0.010000
vt 1.000000 0.500000
vt 0.125000 0.500000
vt 0.125000 0.750000
vt 0.990000 0.250000
vt 0.625000 0.000000
vt 0.490000 0.250000
vt 0.625000 0.750000
vt 0.000000 1.000000
vt 0.125000 0.750000
vt 0.875000 0.750000
vt 0.625000 0.000000
vt 0.375000 1.000000
vt 0.000000 0.000000
vt 0.000000 0.000000
vt 0.000000 0.000000
vt 0.000000 0.000000
vt 0.375000 0.250000
vt 0.375000 1.000000
vt 0.625000 0.000000
vt 0.875000 0.750000
vt 0.000000 0.000000
vt 0.125000 0.750000
vt 0.625000 0.000000
vt 0.375000 0.000000
vt 0.875000 0.500000
vt 0.125000 0.750000
vt 0.125000 0.750000
vt 0.125000 0.750000
vt 0.125000 0.750000
vt 0.875000 0.750000
vt 0.375000 1.000000
vt 0.375000 1.000000
vt 0.625000 0.000000
vt 0.625000 0.000000
vt 0.125000 0.750000
vt 0.875000 0.750000
vt 0.490000 0.250000
vt 0.000000 0.000000
vt 0.000000 0.000000
vt 0.000000 0.000000
vt 0.510000 0.250000
vt 0.000000 0.500000
vt 0.375000 0.000000
vt 0.875000 0.750000
vt 0.875000 0.500000
vt 0.000000 1.000000
vt 0.375000 0.000000
vt 0.375000 0.000000
vn 0.5058 0.1930 -0.8408
vn 0.9462 -0.2923 0.1387
vn 0.7084 -0.0001 -0.7058
vn -0.2052 0.2592 -0.9438
vn 0.8257 -0.1844 -0.5332
vn 0.3029 -0.0436 0.9520
vn 0.8341 -0.2755 0.4779
vn -0.3820 -0.3306 -0.8630
vn 0.5112 0.5474 0.6626
vn -0.7364 0.0240 0.6761
vn -0.0213 0.9979 -0.0617
vn -0.1511 0.9725 -0.1772
vn 0.2247 -0.9388 0.2613
vn 0.3409 0.8507 0.4000
vn -0.2542 0.0397 -0.9663
vn -0.0529 -0.9887 0.1403
vn -0.1119 -0.1868 -0.9760
vn -0.4450 0.8920 -0.0791
vn 0.9786 0.1515 -0.1394
vn 0.0856 -0.9870 0.1361
vn 0.0009 -1.0000 0.0011
vn 0.2281 0.9588 -0.1694
vn -0.0009 1.0000 -0.0011
vn 0.6487 0.0014 0.7610
vn 0.6314 -0.5592 -0.5372
vn -0.0869 -0.9960 -0.0192
vn -0.9303 -0.1644 -0.3280
vn 0.5563 0.5477 0.6249
vn 0.7797 0.0070 -0.6261
vn -0.6077 -0.2328 -0.7593
vn 0.7429 0.0169 -0.6691
vn 0.3265 -0.9445 0.0356
vn 0.0329 0.9990 -0.0299
vn -0.7656 -0.0014 -0.6433
vn -0.1884 -0.9568 -0.2213
vn 0.6854 0.2322 0.6901
vn 0.4522 -0.0914 -0.8872
vn -0.5154 -0.0955 0.8516
vn 0.8841 0.1725 0.4343
vn -0.4873 -0.0014 -0.8732
vn -0.5994 0.1625 -0.7838
vn -0.2321 -0.8230 -0.5185
vn -0.4522 0.0914 0.8872
vn -0.0797 0.9874 -0.1368
vn -0.8378 -0.5166 0.1767
vn 0.7056 0.2187 -0.6740
vn -0.9317 -0.0840 0.3533
vn 0.6524 0.2328 0.7212
vn -0.9821 -0.1273 0.1388
vn -0.5124 0.8204 -0.2535
vn 0.5745 0.0014 0.8185
vn 0.9912 0.0439 -0.1249
vn -0.3182 -0.0013 -0.9480
vn -0.8527 -0.2189 -0.4743
vn -0.2445 -0.9268 -0.2850
vn -0.5550 -0.5401 -0.6327
vn 0.5571 -0.2903 0.7781
vn -0.0356 0.9990 0.0267
vn 0.5498 0.5344 0.6420
vn 0.6089 0.2328 0.7584
vn -0.7407 0.0073 0.6717
vn -0.8085 -0.4364 -0.3949
vn 0.1240 -0.9814 0.1463
vn 0.7943 0.0127 -0.6073
vn -0.2408 -0.5129 -0.8240
vn -0.0337 -0.9990 0.0288
vn -0.3780 0.8128 -0.4432
vn -0.3968 -0.7928 -0.4627
vn -0.8154 0.1949 0.5452
vn 0.1895 0.9565 0.2220
vn -0.0820 0.9763 0.2003
vn 0.2088 0.2374 -0.9487
vn -0.2088 -0.2374 0.9487
vn 0.9342 0.0652 -0.3508
vn 0.2443 0.9267 0.2856
vn 0.3173 -0.8722 0.3722
vn 0.9428 -0.2959 0.1535
vn 0.3268 0.0832 -0.9414
vn 0.1315 0.0301 0.9909
vn 0.5210 0.0937 -0.8484
vn 0.1226 0.1042 0.9870
vn 0.1119 0.1868 0.9760
vn -0.7610 0.0000 0.6487
vn 0.9963 0.0008 -0.0859
vn 0.2442 0.9265 0.2863
vn -0.9968 -0.0010 -0.0794
vn -0.1054 -0.9868 -0.1232
vn 0.7995 0.0148 -0.6005
vn -0.2683 0.1482 -0.9519
vn -0.7794 -0.1809 -0.5999
vn -0.6198 0.0003 0.7847
vn -0.5661 -0.3192 0.7600
vn -0.2443 -0.9267 -0.2856
vn 0.1503 -0.9728 0.1764
vn -0.1056 -0.9867 -0.1238
vn -0.6854 -0.2322 -0.6901
vn 0.2684 -0.1482 0.9519
vn 0.5141 -0.0602 0.8556
vn -0.0165 -0.9445 0.3280
vn -0.7943 -0.0127 0.6073
vn -0.6935 -0.2142 0.6879
vn 0.1889 0.9566 0.2216
vn 0.9018 -0.0797 -0.4247
vn -0.7797 -0.0070 0.6262
vn -0.6487 -0.0014 -0.7610
vn -0.1779 0.9619 -0.2078
vn -0.7100 0.5427 0.4487
vn -0.9476 0.2906 -0.1323
vn -0.8341 0.2755 -0.4779
vn -0.8681 -0.0013 -0.4964
vn 0.1779 -0.9619 0.2078
vn -0.1889 -0.9566 -0.2216
vn 0.6134 -0.0250 -0.7894
vn 0.3322 -0.8589 0.3898
vn 0.9581 -0.0783 -0.2756
vn 0.5384 0.5612 0.6286
vn -0.2896 0.8947 -0.3400
vn -0.0687 0.9968 -0.0398
vn 0.9145 -0.4016 -0.0497
vn 0.1278 -0.9832 0.1305
vn 0.8187 -0.3550 0.4514
vn -0.1253 0.9810 -0.1484
vn -0.9786 -0.1515 0.1394
vn -0.6391 -0.2329 -0.7330
vn -0.3416 -0.8501 -0.4007
vn -0.6545 0.1004 -0.7494
vn 0.8381 -0.3211 -0.4409
vn -0.0668 -0.9971 -0.0377
vn 0.1513 -0.3274 0.9327
vn -0.0794 0.0010 0.9968
vn 0.2466 -0.9292 -0.2753
vn -0.1492 0.8979 0.4141
vn 0.6578 0.5694 0.4930
vn -0.2713 -0.8188 0.5060
vn 0.5956 -0.2420 -0.7659
vn -0.4458 -0.8155 -0.3692
vn 0.8103 -0.0598 -0.5830
vn -0.2723 0.0008 0.9622
vn 0.0794 -0.0010 -0.9968
vn -0.1174 -0.1456 -0.9824
vn -0.9922 0.0878 -0.0886
vn 0.6654 0.1928 -0.7212
vn 0.3635 0.8287 0.4257
vn 0.8315 0.2220 0.5092
vn -0.4539 0.0233 0.8908
vn 0.3229 0.8523 0.4116
vn 0.7317 0.0014 0.6816
vn -0.8997 0.4343 0.0431
vn 0.3773 -0.5145 0.7700
vn 0.1436 -0.9813 0.1283
vn 0.3381 0.1518 0.9288
vn 0.1102 0.9786 0.1737
vn -0.1518 0.9722 -0.1780
vn -0.9894 -0.0681 0.1283
vn -0.9044 -0.0004 0.4268
vn 0.9894 0.0681 -0.1283
vn 0.9144 0.0004 -0.4049
vn -0.9912 -0.0439 0.1249
vn -0.3352 -0.1760 -0.9255
vn -0.1065 0.1077 0.9885
vn 0.1094 -0.1320 -0.9852
vn 0.3229 0.9452 -0.0477
vn -0.1102 -0.9786 -0.1737
vn 0.0871 -0.9869 0.1359
vn 0.1297 -0.9807 0.1462
vn 0.1057 0.9866 0.1245
vn 0.7100 -0.5427 -0.4487
vn 0.1259 -0.9854 0.1147
vn -0.1226 -0.1042 -0.9870
vn 0.9871 0.1310 0.0922
vn -0.9366 -0.1982 -0.2890
vn 0.5422 0.5379 -0.6456
vn -0.8187 0.3550 -0.4514
vn -0.1593 0.8804 -0.4467
vn -0.6845 -0.0335 0.7283
vn 0.0797 -0.9874 0.1368
vn 0.9849 -0.1209 0.1239
vn -0.9227 -0.0744 0.3782
vn -0.2819 0.7185 -0.6359
vn -0.9932 -0.0008 0.1166
vn 0.1160 -0.1719 0.9783
vn -0.1466 0.1149 -0.9825
vn -0.7494 -0.0110 0.6621
vn -0.8576 -0.4692 -0.2105
vn 0.1766 -0.9625 0.2057
vn 0.8178 0.5470 -0.1788
vn -0.2186 0.0009 0.9758
vn -0.9847 -0.1493 -0.0897
vn 0.8608 -0.1119 -0.4965
vn -0.6483 -0.2328 -0.7249
vn -0.0765 -0.9969 0.0201
vn -0.0156 0.1769 0.9841
vn -0.5394 0.1173 -0.8339
vn 0.1511 -0.9725 0.1772
vn 0.9852 0.1629 0.0540
vn 0.7024 0.2419 -0.6694
vn 0.4797 0.2289 0.8471
vn 0.7279 0.0014 0.6857
vn -0.8034 -0.0163 0.5953
vn -0.0194 -0.9980 -0.0595
vn 0.1056 0.9867 0.1238
vn 0.9366 0.1982 0.2890
vn -0.0930 -0.9876 -0.1268
vn 0.1435 -0.5949 0.7909
vn -0.2021 0.4828 -0.8521
vn 0.6077 0.2328 0.7593
vn 0.4674 -0.0877 -0.8797
vn 0.3554 -0.8366 0.4169
vn 0.7124 0.0283 -0.7012
vn 0.6405 0.2328 0.7318
vn -0.0225 -0.8009 -0.5984
vn -0.9566 0.0668 0.2836
vn -0.3721 0.8094 -0.4543
vn 0.7610 0.0000 -0.6487
vn -0.3109 0.9503 -0.0173
vn -0.3423 -0.8495 -0.4014
vn 0.7254 -0.0127 -0.6882
vn 0.9584 -0.0677 -0.2772
vn 0.0321 0.9503 -0.3097
vn -0.7254 0.0127 0.6882
vn -0.7434 0.0000 0.6689
vn 0.7934 -0.0217 -0.6083
vn -0.3334 -0.2189 -0.9170
vn 0.7992 0.0406 -0.5998
vn 0.6428 0.2172 0.7346
vn 0.6380 0.2484 0.7289
vn 0.7499 -0.5036 0.4291
vn 0.3019 -0.0008 -0.9533
vn -0.7934 0.0217 0.6083
vn -0.2574 -0.2118 -0.9428
vn 0.0225 0.8009 0.5984
vn -0.3352 0.3571 -0.8718
vn -0.1800 -0.1655 -0.9696
vn 0.4409 0.0014 0.8976
vn -0.1372 -0.1089 0.9845
vn -0.7615 0.2244 0.6080
vn -0.0227 0.3000 -0.9537
vn 0.5986 -0.5255 0.6046
vn 0.7334 -0.0099 -0.6798
vn 0.0862 0.9961 0.0170
vn -0.5986 0.5255 -0.6046
vn 0.6515 -0.0002 -0.7586
vn 0.5442 0.5478 0.6354
vn -0.9578 0.1847 0.2201
vn -0.9657 0.2219 -0.1346
vn -0.7807 -0.0001 0.6249
vn 0.7982 0.0014 0.6023
vn 0.7502 0.0014 0.6612
vn -0.0759 0.9931 -0.0891
vn 0.0228 -0.3000 0.9537
vn -0.5609 0.5265 -0.6389
vn -0.9003 0.1736 0.3992
vn -0.0859 -0.3963 0.9141
vn -0.9927 0.0973 0.0705
vn 0.6128 -0.2045 0.7633
vn -0.9611 0.0787 0.2648
vn 0.7948 0.0357 -0.6058
vn 0.6304 0.5592 -0.5384
vn -0.8024 -0.0443 0.5952
vn 0.0163 0.8319 -0.5546
vn -0.7641 -0.5169 -0.3859
vn 0.5365 -0.5231 0.6622
vn -0.6128 0.2045 -0.7633
vn 0.7825 0.0224 -0.6222
vn -0.1674 -0.4958 -0.8522
vn -0.7707 0.0093 0.6372
vn -0.3554 0.8366 -0.4169
vn -0.7807 -0.0000 0.6249
vn -0.8754 0.4429 -0.1934
vn -0.7825 -0.0224 0.6222
vn -0.1435 0.5949 -0.7909
vn 0.6404 -0.0002 -0.7681
vn 0.1800 -0.8096 0.5587
vn 0.7364 -0.0241 -0.6761
vn 0.5256 -0.8069 0.2694
vn 0.5124 0.5474 0.6617
vn 0.8576 0.4692 0.2105
vn -0.3322 0.8589 -0.3898
vn -0.1669 0.8231 -0.5429
vn -0.3029 0.0436 -0.9520
vn -0.6309 -0.2418 -0.7373
vn 0.3780 -0.8128 0.4432
vn -0.1682 0.7964 -0.5809
vn -0.6550 -0.1825 0.7332
vn 0.7737 -0.2200 -0.5941
vn -0.1240 0.9814 -0.1463
vn -0.7948 -0.0358 0.6058
vn -0.9143 -0.0004 0.4051
vn 0.1174 0.1456 0.9824
vn 0.3416 0.8501 0.4007
vn 0.9968 0.0010 0.0794
vn 0.5058 0.1930 -0.8407
vn 0.9462 -0.2922 0.1387
vn 0.8257 -0.1845 -0.5332
vn 0.8341 -0.2755 0.4778
vn -0.7365 0.0240 0.6760
vn -0.0389 0.9991 0.0153
vn 0.0013 -0.9532 0.3022
vn 0.2951 -0.9544 0.0454
vn 0.9786 0.1514 -0.1394
vn 0.2681 -0.0008 -0.9634
vn -0.7130 0.3902 -0.5825
vn -0.8823 0.4696 0.0332
vn -0.7665 -0.6329 -0.1090
vn -0.7665 -0.6330 -0.1090
vn -0.9998 -0.0173 -0.0117
vn -0.8293 0.4657 0.3088
vn 0.5563 0.5478 0.6249
vn 0.7430 0.0169 -0.6691
vn 0.8841 0.1726 0.4343
vn -0.5442 -0.5478 -0.6354
vn -0.5286 -0.8330 -0.1635
vn 0.4967 -0.8679 0.0054
vn -0.0294 -0.5516 -0.8336
vn 0.0690 -0.9942 0.0822
vn 0.0869 -0.6294 -0.7722
vn 0.7056 0.2187 -0.6741
vn -0.9317 -0.0838 0.3533
vn -0.5124 0.8204 -0.2536
vn -0.5461 -0.7185 0.4308
vn -0.5423 -0.7029 -0.4603
vn -0.5421 -0.5379 0.6456
vn -0.5422 -0.5379 0.6456
vn -0.5459 -0.8061 0.2287
vn 0.0362 0.9991 -0.0218
vn -0.8153 0.1949 0.5452
vn -0.0741 -0.9935 -0.0869
vn 0.3267 0.0832 -0.9414
vn 0.3073 0.1643 0.9373
vn -0.0770 0.1213 0.9896
vn -0.2684 0.1482 -0.9519
vn -0.0166 -0.9445 0.3280
vn -0.7943 -0.0127 0.6074
vn -0.6934 -0.2142 0.6880
vn 0.0347 -0.9990 -0.0277
vn -0.8341 0.2754 -0.4779
vn -0.1890 -0.9566 -0.2216
vn -0.2003 0.8203 -0.5357
vn -0.4968 0.8207 -0.2821
vn -0.0693 0.9976 -0.0042
vn 0.0381 0.9403 -0.3382
vn -0.2607 0.9535 -0.1511
vn -0.9786 -0.1514 0.1394
vn -0.6391 -0.2328 -0.7330
vn -0.0675 -0.9977 -0.0020
vn 0.1512 -0.3274 0.9327
vn -0.6266 0.2229 0.7468
vn -0.5108 0.4102 0.7555
vn -0.7537 -0.0107 0.6572
vn -0.4312 0.8886 0.1562
vn 0.5965 0.4086 0.6908
vn 0.9157 0.4014 0.0221
vn -0.6881 -0.4506 0.5688
vn -0.6088 -0.6374 0.4723
vn -0.1443 -0.8210 -0.5524
vn -0.3192 -0.8703 -0.3751
vn -0.1164 -0.1567 -0.9808
vn -0.1093 -0.1489 -0.9828
vn -0.1248 -0.1498 -0.9808
vn 0.5174 0.8259 0.2239
vn 0.2330 0.8737 0.4270
vn -0.9390 -0.0012 -0.3439
vn 0.3766 -0.0007 -0.9264
vn -0.3352 -0.1761 -0.9255
vn -0.0238 0.9997 -0.0112
vn 0.0966 0.9937 0.0563
vn 0.9871 0.1309 0.0922
vn -0.9366 -0.1981 -0.2890
vn -0.0547 0.9889 0.1382
vn 0.2574 0.2118 0.9428
vn -0.6142 0.3448 0.7098
vn 0.6077 0.2327 0.7593
vn -0.7641 -0.0012 0.6451
vn -0.1465 0.1149 -0.9825
vn 0.0395 -0.9788 0.2010
vn 0.3308 -0.9437 0.0051
vn 0.8179 0.5469 -0.1788
vn -0.8522 -0.0002 0.5232
vn -0.9847 -0.1495 -0.0897
vn -0.1958 -0.9795 -0.0472
vn 0.1552 -0.9844 -0.0828
vn -0.6546 0.5330 -0.5361
vn -0.6405 -0.2329 -0.7318
vn -0.8449 0.5350 -0.0047
vn -0.9369 0.1348 -0.3226
vn -0.6171 0.3439 -0.7077
vn -0.0316 0.2401 -0.9702
vn 0.0923 -0.5578 -0.8248
vn -0.3866 -0.7035 -0.5964
vn -0.3609 -0.6317 -0.6860
vn -0.2373 -0.2938 -0.9259
vn 0.1648 -0.9670 0.1944
vn 0.1583 -0.9681 0.1942
vn 0.1617 -0.9704 0.1794
vn 0.1597 -0.9691 0.1879
vn -0.0371 -0.9992 0.0175
vn 0.0380 -0.9991 -0.0196
vn 0.6405 0.2329 0.7318
vn -0.1438 0.9765 -0.1602
vn -0.1373 0.9775 -0.1600
vn -0.1370 0.9776 -0.1596
vn 0.1400 0.0766 -0.9872
vn 0.7610 -0.0000 -0.6488
vn 0.9584 -0.0678 -0.2772
vn -0.7254 0.0127 0.6883
vn 0.7991 0.0406 -0.5998
vn -0.0038 0.6712 -0.7413
vn 0.5696 -0.0609 -0.8197
vn 0.1593 0.1844 -0.9699
vn -0.4643 0.3899 -0.7953
vn 0.4344 0.4639 -0.7720
vn 0.1435 -0.0188 -0.9895
vn 0.6339 -0.3084 -0.7093
vn 0.4409 0.0014 0.8975
vn -0.7616 0.2244 0.6080
vn 0.9981 0.0009 -0.0614
vn 0.3157 0.8736 0.3703
vn 0.0227 -0.3000 0.9537
vn -0.9927 0.0974 0.0705
vn 0.7948 0.0358 -0.6058
vn 0.9937 0.0008 -0.1122
vn 0.6003 -0.1376 -0.7878
vn 0.4344 -0.8699 -0.2337
vn -0.3499 0.8463 -0.4016
vn -0.3437 0.8488 -0.4018
vn -0.3481 0.8443 -0.4075
vn -0.3456 0.8414 -0.4154
vn 0.3669 -0.8240 0.4318
vn 0.3671 -0.8237 0.4321
vn 0.3203 -0.5289 -0.7859
vn 0.3608 -0.8266 0.4320
vn -0.4874 -0.1389 0.8620
vn 0.1674 0.4958 0.8522
vn -0.1414 0.7111 0.6887
vn -0.7694 -0.0085 0.6387
vn -0.3322 0.8589 -0.3899
vn -0.1668 0.8231 -0.5429
vn 0.3780 -0.8128 0.4433
vn -0.1278 0.9832 -0.1305
vn 0.0546 0.9207 0.3864
vn 0.5666 0.7905 0.2327
vn 0.1689 0.9631 0.2094
vn -0.8362 0.3227 -0.4435
vn -0.7525 0.0850 -0.6531
vn 0.4159 0.9060 -0.0787
vn 0.3446 0.7976 -0.4951
vn -0.7522 0.2861 -0.5936
vn 0.4881 0.4250 -0.7623
vn -0.6550 -0.1824 0.7332
vn 0.1100 0.1414 0.9838
vn 0.1183 0.1346 0.9838
vn 0.1183 0.1345 0.9838
vn 0.1254 0.1423 0.9818
usemtl None
s off
f 412/1/1 411/2/1 410/3/1
f 110/4/2 107/5/2 109/6/2
f 18/7/3 15/8/3 17/9/3
f 150/10/4 156/11/4 151/12/4
f 462/13/5 465/14/5 461/15/5
f 161/16/6 159/17/6 163/18/6
f 141/19/7 143/20/7 139/21/7
f 28/22/8 22/23/8 27/24/8
f 418/25/9 428/26/9 423/27/9
f 443/28/10 446/29/10 445/30/10
f 13/31/11 15/8/11 16/32/11
f 372/33/12 373/34/12 375/35/12
f 272/36/13 279/37/13 277/38/13
f 380/39/14 377/40/14 376/41/14
f 189/42/15 191/43/15 193/44/15
f 22/23/16 25/45/16 29/46/16
f 237/47/17 238/48/17 236/49/17
f 223/50/18 225/51/18 227/52/18
f 227/52/19 224/53/19 226/54/19
f 201/55/20 209/56/20 205/57/20
f 49/58/21 53/59/21 47/60/21
f 231/61/22 233/62/22 229/63/22
f 61/64/23 56/65/23 57/66/23
f 60/67/24 55/68/24 56/69/24
f 58/70/25 42/71/25 55/72/25
f 163/18/26 160/73/26 164/74/26
f 397/75/27 392/76/27 390/77/27
f 447/78/28 445/79/28 449/80/28
f 329/81/29 331/82/29 323/83/29
f 329/84/30 330/85/30 331/86/30
f 381/87/31 382/88/31 383/89/31
f 344/90/32 341/91/32 340/92/32
f 68/93/33 70/94/33 71/95/33
f 98/96/34 97/97/34 102/98/34
f 100/99/23 99/100/23 98/96/23
f 146/101/35 141/102/35 142/103/35
f 77/104/34 78/105/34 82/106/34
f 268/107/36 266/108/36 264/109/36
f 364/110/37 375/35/37 369/111/37
f 142/103/38 139/112/38 140/113/38
f 174/114/39 169/115/39 168/116/39
f 67/117/40 68/93/40 72/118/40
f 134/119/41 133/120/41 129/121/41
f 399/122/42 400/123/42 394/124/42
f 373/34/43 366/125/43 367/126/43
f 196/127/44 211/128/44 208/129/44
f 203/130/45 206/131/45 202/132/45
f 354/133/46 351/134/46 350/135/46
f 245/136/47 248/137/47 244/138/47
f 336/139/48 334/140/48 332/141/48
f 372/33/49 365/142/49 366/125/49
f 447/78/50 444/143/50 443/144/50
f 30/145/51 25/45/51 23/146/51
f 231/147/52 228/148/52 230/149/52
f 14/150/53 16/32/53 18/7/53
f 335/151/54 337/152/54 333/153/54
f 110/4/55 105/154/55 106/155/55
f 359/156/56 361/157/56 363/158/56
f 149/159/57 153/160/57 154/161/57
f 73/162/58 77/104/58 76/163/58
f 471/164/59 469/165/59 467/166/59
f 346/167/60 340/168/60 342/169/60
f 87/170/40 88/171/40 83/172/40
f 267/173/61 264/174/61 266/175/61
f 278/176/62 280/177/62 285/178/62
f 86/179/33 87/170/33 83/172/33
f 353/180/63 354/133/63 352/181/63
f 340/182/64 343/183/64 342/184/64
f 452/185/65 458/186/65 456/187/65
f 96/188/66 97/97/66 93/189/66
f 466/190/67 463/191/67 465/14/67
f 466/190/68 460/192/68 464/193/68
f 468/194/69 471/164/69 467/195/69
f 144/196/70 139/197/70 143/20/70
f 245/198/71 251/199/71 249/200/71
f 106/201/72 108/202/72 110/4/72
f 105/203/73 107/5/73 103/204/73
f 239/205/74 242/206/74 238/48/74
f 114/207/75 111/208/75 112/209/75
f 274/210/12 282/211/12 281/212/12
f 11/213/76 9/214/76 3/215/76
f 257/216/75 252/217/75 254/218/75
f 118/219/77 114/207/77 113/220/77
f 132/221/78 138/222/78 137/223/78
f 171/224/79 165/225/79 169/115/79
f 143/20/80 146/101/80 144/196/80
f 245/226/81 246/227/81 247/228/81
f 241/229/82 242/206/82 243/230/82
f 62/231/83 60/232/83 61/233/83
f 99/100/84 95/234/84 94/235/84
f 108/202/85 103/236/85 107/5/85
f 89/237/86 83/172/86 88/171/86
f 126/238/87 121/239/87 122/240/87
f 315/241/88 309/242/88 314/243/88
f 126/238/89 124/244/89 128/245/89
f 172/246/90 167/247/90 166/248/90
f 84/249/91 90/250/91 85/251/91
f 393/252/92 385/253/92 392/76/92
f 120/254/93 119/255/93 118/219/93
f 268/107/94 265/256/94 269/257/94
f 130/258/95 133/120/95 132/221/95
f 267/259/96 269/257/96 265/260/96
f 125/261/97 123/262/97 121/263/97
f 195/264/98 192/265/98 190/266/98
f 333/267/99 336/139/99 332/268/99
f 46/269/21 41/270/21 42/71/21
f 347/271/100 344/90/100 346/167/100
f 360/272/101 357/273/101 356/274/101
f 149/159/102 150/10/102 151/12/102
f 155/275/103 149/159/103 154/161/103
f 65/276/21 64/277/21 63/278/21
f 326/279/104 324/280/104 322/281/104
f 2/282/105 8/283/105 4/284/105
f 361/157/106 362/285/106 363/158/106
f 273/286/107 281/212/107 280/177/107
f 104/287/108 105/154/108 103/288/108
f 142/289/109 144/196/109 146/101/109
f 32/290/110 34/291/110 36/292/110
f 357/293/111 358/294/111 356/295/111
f 153/160/112 156/11/112 155/275/112
f 167/247/113 174/114/113 168/116/113
f 471/164/114 474/296/114 473/297/114
f 161/16/115 164/74/115 162/298/115
f 463/191/116 461/299/116 465/14/116
f 391/300/117 384/301/117 389/302/117
f 31/303/118 33/304/118 34/291/118
f 40/305/23 43/306/23 44/307/23
f 200/308/119 205/57/119 204/309/119
f 169/115/120 165/225/120 166/248/120
f 263/310/121 256/311/121 262/312/121
f 296/313/122 301/314/122 300/315/122
f 221/316/123 222/317/123 220/318/123
f 371/319/124 364/110/124 365/142/124
f 481/320/125 480/321/125 484/322/125
f 351/323/126 353/180/126 349/324/126
f 388/325/127 394/124/127 395/326/127
f 62/327/105 57/328/105 58/70/105
f 35/329/128 32/330/128 36/292/128
f 117/331/129 113/220/129 112/209/129
f 52/332/130 53/333/130 51/334/130
f 285/178/131 292/335/131 288/336/131
f 170/337/132 171/224/132 176/338/132
f 181/339/133 180/340/133 185/341/133
f 404/342/134 399/122/134 398/343/134
f 40/344/105 46/269/105 42/345/105
f 288/336/135 291/346/135 287/347/135
f 413/348/136 412/1/136 414/349/136
f 192/265/137 191/43/137 190/266/137
f 202/132/20 210/350/20 198/351/20
f 65/276/138 69/352/138 64/277/138
f 47/353/139 50/354/139 49/355/139
f 207/356/140 204/309/140 208/129/140
f 187/357/141 188/358/141 186/359/141
f 473/297/142 470/360/142 469/361/142
f 415/362/143 411/2/143 407/363/143
f 54/364/23 50/365/23 48/366/23
f 297/367/144 301/368/144 302/369/144
f 188/358/145 195/370/145 186/359/145
f 323/371/146 324/372/146 325/373/146
f 38/374/147 35/329/147 33/304/147
f 196/127/148 209/56/148 197/375/148
f 483/376/149 477/377/149 482/378/149
f 224/53/150 222/379/150 226/54/150
f 229/380/151 232/381/151 228/382/151
f 440/383/152 437/384/152 438/385/152
f 270/386/153 267/173/153 266/175/153
f 212/387/154 216/388/154 218/389/154
f 29/46/155 30/390/155 21/391/155
f 217/392/156 213/393/156 219/394/156
f 23/146/157 25/45/157 26/395/157
f 232/381/158 235/396/158 234/397/158
f 223/398/159 226/54/159 222/317/159
f 224/53/160 221/399/160 220/400/160
f 234/397/161 231/147/161 230/149/161
f 187/401/162 186/402/162 195/403/162
f 442/404/163 435/405/163 441/406/163
f 228/407/164 234/397/164 230/408/164
f 78/105/21 79/409/21 80/410/21
f 240/411/165 238/412/165 242/206/165
f 128/245/166 123/413/166 127/414/166
f 277/38/167 283/415/167 276/416/167
f 244/417/168 250/418/168 246/419/168
f 249/200/169 250/418/169 248/137/169
f 250/418/170 247/228/170 246/227/170
f 260/420/93 259/421/93 263/310/93
f 304/422/171 318/423/171 303/424/171
f 275/425/172 283/415/172 282/211/172
f 260/420/173 253/426/173 259/421/173
f 239/427/174 241/229/174 243/230/174
f 153/160/175 147/428/175 152/429/175
f 207/356/176 200/308/176 204/309/176
f 136/430/177 132/221/177 137/223/177
f 296/313/178 293/431/178 295/432/178
f 28/22/179 27/433/179 21/434/179
f 63/278/180 69/352/180 68/93/180
f 316/435/181 313/436/181 312/437/181
f 184/438/182 177/439/182 183/440/182
f 379/441/183 376/442/183 377/443/183
f 431/444/184 417/445/184 416/446/184
f 298/447/185 302/448/185 294/449/185
f 210/350/186 199/450/186 198/351/186
f 9/214/187 10/451/187 1/452/187
f 240/411/188 237/453/188 236/454/188
f 483/376/189 479/455/189 478/456/189
f 298/447/190 296/457/190 300/315/190
f 194/458/191 189/459/191 193/44/191
f 302/460/192 295/432/192 293/431/192
f 282/211/193 287/347/193 286/461/193
f 309/242/194 304/422/194 303/424/194
f 368/462/195 375/35/195 374/463/195
f 185/341/196 178/464/196 184/438/196
f 374/463/197 367/126/197 368/462/197
f 15/8/198 19/465/198 17/9/198
f 304/422/199 320/466/199 319/467/199
f 17/9/200 14/468/200 18/7/200
f 135/469/201 137/223/201 138/222/201
f 314/243/202 308/470/202 313/436/202
f 329/84/203 326/471/203 328/472/203
f 217/473/204 214/474/204 215/475/204
f 484/322/205 475/476/205 479/455/205
f 320/466/206 310/477/206 315/241/206
f 298/447/207 299/478/207 297/367/207
f 386/479/208 394/124/208 387/480/208
f 90/250/21 89/237/21 88/171/21
f 114/207/209 120/254/209 115/481/209
f 273/286/210 272/36/210 277/38/210
f 313/436/12 316/435/12 318/423/12
f 213/482/211 214/474/211 212/483/211
f 121/484/212 124/485/212 122/486/212
f 331/86/213 322/487/213 323/488/213
f 92/489/214 86/179/214 91/490/214
f 72/118/214 66/491/214 67/117/214
f 338/492/215 335/493/215 334/494/215
f 382/88/216 379/441/216 383/89/216
f 336/139/217 339/495/217 338/492/217
f 125/261/218 128/245/218 127/414/218
f 343/183/219 346/167/219 342/184/219
f 335/493/220 332/496/220 334/494/220
f 37/497/221 31/498/221 32/330/221
f 263/310/222 252/217/222 257/216/222
f 347/271/223 341/499/223 345/500/223
f 422/501/224 428/26/224 427/502/224
f 12/503/24 9/504/24 11/213/24
f 352/181/225 350/505/225 348/506/225
f 360/272/226 358/507/226 362/285/226
f 410/3/227 414/508/227 412/1/227
f 78/105/228 74/509/228 79/409/228
f 261/510/229 254/218/229 260/420/229
f 307/511/230 303/424/230 318/423/230
f 217/473/231 218/512/231 216/513/231
f 116/514/232 115/481/232 120/254/232
f 395/326/233 401/515/233 396/516/233
f 365/142/194 364/110/194 369/111/194
f 100/99/234 96/188/234 95/234/234
f 130/258/235 136/430/235 135/469/235
f 349/517/236 352/181/236 348/518/236
f 258/519/237 253/426/237 252/217/237
f 380/39/238 378/520/238 382/88/238
f 269/257/239 270/386/239 268/107/239
f 161/16/240 158/521/240 157/522/240
f 379/523/241 381/87/241 383/89/241
f 7/524/242 8/283/242 6/525/242
f 385/253/243 386/479/243 388/325/243
f 117/331/244 111/208/244 116/514/244
f 152/429/245 151/12/245 156/11/245
f 102/98/246 96/188/246 101/526/246
f 70/94/247 66/491/247 71/95/247
f 90/250/248 86/179/248 85/251/248
f 75/527/84 79/409/84 74/509/84
f 5/528/249 6/525/249 2/529/249
f 261/510/250 256/311/250 255/530/250
f 407/531/251 413/348/251 409/532/251
f 406/533/252 409/534/252 408/535/252
f 408/535/253 415/536/253 406/533/253
f 129/121/254 135/469/254 134/119/254
f 44/307/214 45/537/214 46/269/214
f 436/538/255 437/384/255 435/539/255
f 158/540/256 159/541/256 157/542/256
f 454/543/257 451/544/257 453/545/257
f 39/546/258 57/66/258 56/69/258
f 418/25/259 432/547/259 433/548/259
f 43/306/24 41/549/24 45/537/24
f 287/347/260 291/346/260 286/461/260
f 76/163/234 80/410/234 75/527/234
f 446/550/261 448/551/261 450/552/261
f 324/372/262 327/553/262 325/373/262
f 442/404/263 439/554/263 440/383/263
f 440/555/264 436/556/264 442/557/264
f 431/444/265 416/446/265 420/558/265
f 482/378/266 476/559/266 481/320/266
f 416/446/267 422/501/267 421/560/267
f 77/104/268 81/561/268 76/163/268
f 480/321/269 476/559/269 475/476/269
f 427/502/208 432/547/208 431/444/208
f 439/562/270 435/563/270 437/564/270
f 98/96/228 94/235/228 93/189/228
f 213/565/271 218/512/271 219/566/271
f 34/291/272 35/329/272 36/292/272
f 446/29/273 449/80/273 445/30/273
f 450/552/274 447/78/274 449/80/274
f 457/567/275 454/543/275 453/545/275
f 451/568/276 457/567/276 453/569/276
f 421/560/277 427/502/277 426/570/277
f 434/571/9 419/572/9 424/573/9
f 468/574/278 469/361/278 470/360/278
f 452/575/279 455/576/279 451/577/279
f 160/578/280 162/298/280 164/74/280
f 468/579/281 474/296/281 472/580/281
f 460/581/282 461/15/282 459/582/282
f 54/583/86 47/584/86 53/333/86
f 177/439/283 178/464/283 173/585/283
f 463/191/284 460/586/284 459/587/284
f 359/588/285 362/285/285 358/294/285
f 349/589/286 350/135/286 351/134/286
f 59/590/21 58/591/21 55/72/21
f 455/576/287 458/186/287 457/567/287
f 19/592/288 13/593/288 14/468/288
f 196/127/289 203/130/289 199/450/289
f 475/476/290 476/559/290 477/377/290
f 49/355/291 52/332/291 51/334/291
f 412/1/292 413/348/292 411/2/292
f 110/4/293 108/202/293 107/5/293
f 18/7/3 16/32/3 15/8/3
f 150/10/4 155/275/4 156/11/4
f 462/13/294 466/190/294 465/14/294
f 161/16/6 157/594/6 159/17/6
f 141/19/295 145/595/295 143/20/295
f 28/22/8 26/395/8 22/23/8
f 418/25/9 433/548/9 428/26/9
f 443/28/296 444/596/296 446/29/296
f 13/31/297 20/597/297 15/8/297
f 373/34/12 374/463/12 375/35/12
f 375/35/12 370/598/12 371/319/12
f 371/319/12 372/33/12 375/35/12
f 278/176/298 279/37/298 272/36/298
f 279/37/299 284/599/299 277/38/299
f 380/39/14 381/87/14 377/40/14
f 189/42/15 187/600/15 191/43/15
f 22/23/21 26/395/21 25/45/21
f 237/47/17 239/205/17 238/48/17
f 223/50/18 221/601/18 225/51/18
f 227/52/300 225/51/300 224/53/300
f 201/55/20 197/375/20 209/56/20
f 49/58/21 51/602/21 53/59/21
f 231/61/22 235/396/22 233/62/22
f 61/64/23 60/603/23 56/65/23
f 60/67/24 59/604/24 55/68/24
f 58/70/301 57/328/301 42/71/301
f 57/328/301 40/344/301 42/71/301
f 42/71/25 41/270/25 55/72/25
f 163/18/26 159/541/26 160/73/26
f 391/300/302 402/605/302 390/77/302
f 402/605/303 403/606/303 397/75/303
f 397/75/304 398/343/304 392/76/304
f 398/343/305 393/252/305 392/76/305
f 402/605/306 397/75/306 390/77/306
f 385/253/307 384/301/307 392/76/307
f 384/301/307 390/77/307 392/76/307
f 447/78/308 443/607/308 445/79/308
f 323/83/29 325/608/29 327/609/29
f 327/609/29 329/81/29 323/83/29
f 329/84/30 328/472/30 330/85/30
f 381/87/309 380/39/309 382/88/309
f 344/90/32 345/500/32 341/91/32
f 71/95/33 72/118/33 68/93/33
f 68/93/23 69/352/23 70/94/23
f 98/96/34 93/189/34 97/97/34
f 98/96/58 102/98/58 101/526/58
f 101/526/58 100/99/58 98/96/58
f 146/101/35 145/595/35 141/102/35
f 77/104/34 73/162/34 78/105/34
f 268/107/36 270/386/36 266/108/36
f 364/110/37 370/598/37 375/35/37
f 142/103/38 141/102/38 139/112/38
f 174/114/310 175/610/310 169/115/310
f 67/117/40 63/278/40 68/93/40
f 134/119/41 138/222/41 133/120/41
f 404/342/311 403/606/311 402/605/311
f 404/342/311 402/605/311 405/611/311
f 393/252/312 398/343/312 399/122/312
f 399/122/313 404/342/313 405/611/313
f 400/123/314 401/515/314 395/326/314
f 399/122/313 405/611/313 400/123/313
f 394/124/315 393/252/315 399/122/315
f 400/123/316 395/326/316 394/124/316
f 373/34/43 372/33/43 366/125/43
f 196/127/44 199/450/44 211/128/44
f 203/130/45 207/356/45 206/131/45
f 354/133/317 355/612/317 351/134/317
f 245/136/318 249/200/318 248/137/318
f 336/139/48 338/492/48 334/140/48
f 372/33/49 371/319/49 365/142/49
f 447/78/319 448/551/319 444/143/319
f 30/145/51 29/613/51 25/45/51
f 231/147/52 229/614/52 228/148/52
f 14/150/53 13/615/53 16/32/53
f 335/151/54 339/495/54 337/152/54
f 110/4/55 109/6/55 105/154/55
f 359/156/56 357/616/56 361/157/56
f 149/159/57 148/617/57 153/160/57
f 76/163/58 75/527/58 73/162/58
f 75/527/23 74/509/23 73/162/23
f 471/164/59 473/297/59 469/165/59
f 346/167/60 344/90/60 340/168/60
f 87/170/40 92/489/40 88/171/40
f 267/173/61 265/618/61 264/174/61
f 290/619/320 289/620/320 285/178/320
f 285/178/321 279/37/321 278/176/321
f 278/176/322 272/36/322 273/286/322
f 273/286/323 280/177/323 278/176/323
f 280/177/324 290/619/324 285/178/324
f 84/249/23 85/251/23 83/172/23
f 85/251/325 86/179/325 83/172/325
f 353/180/63 355/612/63 354/133/63
f 340/182/64 341/621/64 343/183/64
f 452/185/65 454/622/65 458/186/65
f 94/235/21 95/234/21 93/189/21
f 95/234/66 96/188/66 93/189/66
f 466/190/67 464/193/67 463/191/67
f 466/190/68 462/623/68 460/192/68
f 468/194/326 472/580/326 471/164/326
f 144/196/70 140/624/70 139/197/70
f 245/198/71 247/625/71 251/199/71
f 106/201/72 104/626/72 108/202/72
f 105/203/73 109/6/73 107/5/73
f 239/205/74 243/230/74 242/206/74
f 112/209/75 113/220/75 114/207/75
f 114/207/75 115/481/75 111/208/75
f 274/210/12 275/425/12 282/211/12
f 3/215/327 4/627/327 8/283/327
f 8/283/327 7/524/327 3/215/327
f 7/524/76 11/213/76 3/215/76
f 252/217/75 253/426/75 254/218/75
f 254/218/75 255/530/75 256/311/75
f 256/311/75 257/216/75 254/218/75
f 118/219/77 119/255/77 114/207/77
f 132/221/328 133/120/328 138/222/328
f 169/115/329 175/610/329 171/224/329
f 171/224/330 170/337/330 165/225/330
f 143/20/80 145/595/80 146/101/80
f 245/226/81 244/628/81 246/227/81
f 241/229/82 240/411/82 242/206/82
f 62/231/83 59/590/83 60/232/83
f 99/100/84 100/99/84 95/234/84
f 108/202/85 104/629/85 103/236/85
f 89/237/86 84/249/86 83/172/86
f 126/238/87 125/261/87 121/239/87
f 315/241/88 310/477/88 309/242/88
f 126/238/331 122/630/331 124/244/331
f 172/246/90 173/585/90 167/247/90
f 84/249/91 89/237/91 90/250/91
f 393/252/92 386/479/92 385/253/92
f 117/331/93 116/514/93 118/219/93
f 116/514/93 120/254/93 118/219/93
f 268/107/94 264/631/94 265/256/94
f 132/221/95 131/632/95 130/258/95
f 130/258/95 129/121/95 133/120/95
f 267/259/96 271/633/96 269/257/96
f 125/261/97 127/414/97 123/262/97
f 195/264/98 194/634/98 192/265/98
f 333/267/332 337/152/332 336/139/332
f 46/269/21 45/537/21 41/270/21
f 347/271/333 345/500/333 344/90/333
f 360/272/334 361/157/334 357/273/334
f 147/428/102 148/617/102 151/12/102
f 148/617/102 149/159/102 151/12/102
f 155/275/103 150/10/103 149/159/103
f 67/117/335 66/491/335 63/278/335
f 66/491/335 65/276/335 63/278/335
f 330/635/104 328/636/104 322/281/104
f 328/636/104 326/279/104 322/281/104
f 2/282/105 6/525/105 8/283/105
f 361/157/106 360/272/106 362/285/106
f 273/286/107 274/210/107 281/212/107
f 104/287/108 106/155/108 105/154/108
f 142/289/336 140/637/336 144/196/336
f 32/290/110 31/638/110 34/291/110
f 357/293/111 359/588/111 358/294/111
f 155/275/112 154/161/112 153/160/112
f 153/160/337 152/429/337 156/11/337
f 167/247/113 173/585/113 174/114/113
f 471/164/114 472/580/114 474/296/114
f 161/16/115 163/18/115 164/74/115
f 463/191/116 459/639/116 461/299/116
f 389/302/338 396/516/338 391/300/338
f 391/300/339 390/77/339 384/301/339
f 31/303/340 38/640/340 33/304/340
f 40/305/23 39/546/23 43/306/23
f 200/308/119 201/55/119 205/57/119
f 167/247/120 168/116/120 166/248/120
f 168/116/120 169/115/120 166/248/120
f 263/310/121 257/216/121 256/311/121
f 295/432/341 301/314/341 296/313/341
f 301/314/342 299/478/342 300/315/342
f 221/316/343 223/398/343 222/317/343
f 371/319/344 370/598/344 364/110/344
f 484/322/125 483/376/125 482/378/125
f 482/378/125 481/320/125 484/322/125
f 351/323/126 355/612/126 353/180/126
f 388/325/127 387/480/127 394/124/127
f 62/327/105 61/641/105 57/328/105
f 35/329/345 37/497/345 32/330/345
f 117/331/346 118/219/346 113/220/346
f 52/332/130 54/583/130 53/333/130
f 285/178/131 289/620/131 292/335/131
f 176/338/347 181/339/347 182/642/347
f 182/642/348 172/246/348 176/338/348
f 172/246/349 166/248/349 170/337/349
f 176/338/350 172/246/350 170/337/350
f 166/248/349 165/225/349 170/337/349
f 176/338/351 180/340/351 181/339/351
f 180/340/352 179/643/352 185/341/352
f 398/343/353 397/75/353 403/606/353
f 403/606/354 404/342/354 398/343/354
f 40/344/105 44/307/105 46/269/105
f 288/336/135 292/335/135 291/346/135
f 414/349/355 408/535/355 409/534/355
f 409/534/356 413/348/356 414/349/356
f 192/265/137 193/44/137 191/43/137
f 202/132/20 206/131/20 210/350/20
f 65/276/138 70/94/138 69/352/138
f 47/353/139 48/644/139 50/354/139
f 204/309/357 205/57/357 209/56/357
f 211/128/358 210/350/358 207/356/358
f 210/350/357 206/131/357 207/356/357
f 204/309/359 209/56/359 208/129/359
f 211/128/140 207/356/140 208/129/140
f 187/357/141 189/459/141 188/358/141
f 473/297/142 474/296/142 470/360/142
f 407/363/360 406/645/360 415/362/360
f 415/362/361 410/3/361 411/2/361
f 54/364/23 52/646/23 50/365/23
f 297/367/144 299/478/144 301/368/144
f 188/358/145 194/458/145 195/370/145
f 323/371/146 322/647/146 324/372/146
f 38/374/147 37/648/147 35/329/147
f 196/127/148 208/129/148 209/56/148
f 483/376/149 478/456/149 477/377/149
f 224/53/150 220/649/150 222/379/150
f 229/380/151 233/62/151 232/381/151
f 440/383/152 439/554/152 437/384/152
f 270/386/153 271/633/153 267/173/153
f 212/387/154 214/650/154 216/388/154
f 27/651/362 22/23/362 21/391/362
f 22/23/155 29/46/155 21/391/155
f 217/392/156 215/652/156 213/393/156
f 28/22/363 24/653/363 26/395/363
f 24/653/157 23/146/157 26/395/157
f 232/381/158 233/62/158 235/396/158
f 223/398/364 227/52/364 226/54/364
f 224/53/160 225/51/160 221/399/160
f 234/397/161 235/396/161 231/147/161
f 190/266/365 191/43/365 195/403/365
f 191/43/366 187/401/366 195/403/366
f 442/404/163 436/654/163 435/405/163
f 228/407/164 232/381/164 234/397/164
f 80/410/66 81/561/66 78/105/66
f 81/561/66 82/106/66 78/105/66
f 240/411/165 236/655/165 238/412/165
f 128/245/166 124/485/166 123/413/166
f 277/38/167 284/599/167 283/415/167
f 244/417/168 248/137/168 250/418/168
f 249/200/169 251/199/169 250/418/169
f 250/418/367 251/199/367 247/228/367
f 259/421/93 258/519/93 263/310/93
f 263/310/93 262/312/93 261/510/93
f 261/510/93 260/420/93 263/310/93
f 304/422/368 319/467/368 318/423/368
f 275/425/172 276/416/172 283/415/172
f 260/420/173 254/218/173 253/426/173
f 239/427/174 237/656/174 241/229/174
f 153/160/175 148/617/175 147/428/175
f 207/356/176 203/130/176 200/308/176
f 136/430/177 131/632/177 132/221/177
f 296/313/178 294/657/178 293/431/178
f 30/658/369 23/146/369 21/434/369
f 23/146/23 24/653/23 21/434/23
f 24/653/179 28/22/179 21/434/179
f 63/278/180 64/277/180 69/352/180
f 308/470/370 312/437/370 313/436/370
f 312/437/371 311/659/371 316/435/371
f 311/659/206 306/660/206 321/661/206
f 321/661/372 317/662/372 311/659/372
f 317/662/373 316/435/373 311/659/373
f 184/438/374 178/464/374 177/439/374
f 379/441/183 378/663/183 376/442/183
f 431/444/184 432/547/184 417/445/184
f 297/367/375 302/448/375 298/447/375
f 302/448/376 293/664/376 294/449/376
f 210/350/377 211/128/377 199/450/377
f 1/452/378 2/665/378 4/627/378
f 4/627/378 3/215/378 1/452/378
f 3/215/187 9/214/187 1/452/187
f 240/411/379 241/229/379 237/453/379
f 483/376/189 484/322/189 479/455/189
f 298/447/190 294/666/190 296/457/190
f 193/44/380 192/265/380 194/458/380
f 194/458/381 188/358/381 189/459/381
f 302/460/192 301/314/192 295/432/192
f 286/461/382 291/346/382 290/619/382
f 291/346/383 292/335/383 289/620/383
f 290/619/383 291/346/383 289/620/383
f 290/619/384 280/177/384 286/461/384
f 280/177/385 281/212/385 286/461/385
f 281/212/386 282/211/386 286/461/386
f 282/211/387 283/415/387 287/347/387
f 283/415/388 284/599/388 288/336/388
f 284/599/389 279/37/389 285/178/389
f 288/336/390 284/599/390 285/178/390
f 283/415/391 288/336/391 287/347/391
f 310/477/392 305/667/392 309/242/392
f 305/667/393 304/422/393 309/242/393
f 307/511/394 306/660/394 312/437/394
f 306/660/395 311/659/395 312/437/395
f 307/511/194 312/437/194 303/424/194
f 312/437/194 308/470/194 303/424/194
f 308/470/194 309/242/194 303/424/194
f 368/462/195 369/111/195 375/35/195
f 185/341/196 179/643/196 178/464/196
f 374/463/197 373/34/197 367/126/197
f 15/8/198 20/668/198 19/465/198
f 304/422/199 305/667/199 320/466/199
f 17/9/396 19/592/396 14/468/396
f 138/222/201 134/119/201 135/469/201
f 135/469/201 136/430/201 137/223/201
f 314/243/202 309/242/202 308/470/202
f 329/84/203 327/553/203 326/471/203
f 217/473/204 216/513/204 214/474/204
f 484/322/205 480/321/205 475/476/205
f 320/466/206 305/667/206 310/477/206
f 298/447/207 300/315/207 299/478/207
f 386/479/208 393/252/208 394/124/208
f 88/171/335 92/489/335 91/490/335
f 91/490/397 90/250/397 88/171/397
f 114/207/209 119/255/209 120/254/209
f 277/38/398 276/416/398 273/286/398
f 276/416/398 275/425/398 273/286/398
f 275/425/210 274/210/210 273/286/210
f 319/467/399 320/466/399 314/243/399
f 320/466/400 315/241/400 314/243/400
f 316/435/401 317/662/401 321/661/401
f 319/467/12 314/243/12 318/423/12
f 314/243/12 313/436/12 318/423/12
f 316/435/402 321/661/402 318/423/402
f 213/482/211 215/475/211 214/474/211
f 121/484/212 123/413/212 124/485/212
f 331/86/213 330/85/213 322/487/213
f 92/489/403 87/170/403 86/179/403
f 72/118/214 71/95/214 66/491/214
f 338/492/215 339/495/215 335/493/215
f 382/88/216 378/663/216 379/441/216
f 336/139/217 337/152/217 339/495/217
f 125/261/404 126/238/404 128/245/404
f 343/183/219 347/271/219 346/167/219
f 335/493/405 333/669/405 332/496/405
f 37/497/221 38/670/221 31/498/221
f 263/310/222 258/519/222 252/217/222
f 347/271/223 343/671/223 341/499/223
f 422/501/406 423/27/406 428/26/406
f 12/503/24 10/672/24 9/504/24
f 352/181/225 354/133/225 350/505/225
f 360/272/226 356/673/226 358/507/226
f 410/3/227 415/674/227 414/508/227
f 78/105/228 73/162/228 74/509/228
f 261/510/229 255/530/229 254/218/229
f 318/423/407 321/661/407 307/511/407
f 321/661/408 306/660/408 307/511/408
f 217/473/231 219/566/231 218/512/231
f 116/514/232 111/208/232 115/481/232
f 405/611/409 402/605/409 401/515/409
f 402/605/410 391/300/410 396/516/410
f 396/516/411 389/302/411 388/325/411
f 402/605/412 396/516/412 401/515/412
f 401/515/413 400/123/413 405/611/413
f 388/325/411 395/326/411 396/516/411
f 369/111/194 368/462/194 367/126/194
f 367/126/194 366/125/194 369/111/194
f 366/125/194 365/142/194 369/111/194
f 100/99/414 101/526/414 96/188/414
f 130/258/235 131/632/235 136/430/235
f 349/517/415 353/180/415 352/181/415
f 258/519/237 259/421/237 253/426/237
f 380/39/238 376/675/238 378/520/238
f 269/257/239 271/633/239 270/386/239
f 161/16/240 162/298/240 158/521/240
f 379/523/241 377/676/241 381/87/241
f 6/525/242 5/528/242 7/524/242
f 5/528/416 12/503/416 7/524/416
f 12/503/416 11/213/416 7/524/416
f 386/479/243 387/480/243 388/325/243
f 388/325/243 389/302/243 384/301/243
f 384/301/243 385/253/243 388/325/243
f 117/331/244 112/209/244 111/208/244
f 152/429/245 147/428/245 151/12/245
f 102/98/268 97/97/268 96/188/268
f 70/94/247 65/276/247 66/491/247
f 90/250/248 91/490/248 86/179/248
f 75/527/84 80/410/84 79/409/84
f 2/529/249 1/677/249 5/528/249
f 1/677/417 10/678/417 5/528/417
f 10/678/417 12/503/417 5/528/417
f 261/510/418 262/312/418 256/311/418
f 407/531/251 411/2/251 413/348/251
f 406/533/252 407/679/252 409/534/252
f 408/535/253 414/349/253 415/536/253
f 129/121/419 130/258/419 135/469/419
f 44/307/214 43/306/214 45/537/214
f 436/538/255 438/385/255 437/384/255
f 158/540/256 160/73/256 159/541/256
f 454/543/420 452/680/420 451/544/420
f 39/546/258 40/305/258 57/66/258
f 56/69/421 55/68/421 39/546/421
f 55/68/421 41/549/421 39/546/421
f 418/25/259 417/445/259 432/547/259
f 43/306/24 39/681/24 41/549/24
f 76/163/234 81/561/234 80/410/234
f 446/550/261 444/682/261 448/551/261
f 324/372/262 326/471/262 327/553/262
f 442/404/263 441/406/263 439/554/263
f 440/555/264 438/683/264 436/556/264
f 419/572/422 434/571/422 420/558/422
f 434/571/423 431/444/423 420/558/423
f 482/378/266 477/377/266 476/559/266
f 417/445/424 418/25/424 422/501/424
f 418/25/425 423/27/425 422/501/425
f 424/573/426 419/572/426 425/684/426
f 419/572/427 420/558/427 425/684/427
f 416/446/267 417/445/267 422/501/267
f 421/560/267 425/684/267 416/446/267
f 425/684/267 420/558/267 416/446/267
f 77/104/246 82/106/246 81/561/246
f 480/321/269 481/320/269 476/559/269
f 427/502/428 428/26/428 433/548/428
f 434/571/429 430/685/429 429/686/429
f 431/444/430 434/571/430 429/686/430
f 427/502/431 433/548/431 432/547/431
f 431/444/208 429/686/208 426/570/208
f 426/570/208 427/502/208 431/444/208
f 439/562/270 441/687/270 435/563/270
f 98/96/228 99/100/228 94/235/228
f 213/565/271 212/688/271 218/512/271
f 34/291/272 33/304/272 35/329/272
f 446/29/273 450/552/273 449/80/273
f 450/552/274 448/551/274 447/78/274
f 457/567/275 458/186/275 454/543/275
f 451/568/276 455/576/276 457/567/276
f 421/560/277 422/501/277 427/502/277
f 424/573/432 425/684/432 429/686/432
f 425/684/433 421/560/433 426/570/433
f 429/686/434 425/684/434 426/570/434
f 429/686/435 430/685/435 424/573/435
f 430/685/9 434/571/9 424/573/9
f 468/574/436 467/689/436 469/361/436
f 452/575/437 456/187/437 455/576/437
f 160/578/280 158/690/280 162/298/280
f 468/579/281 470/691/281 474/296/281
f 460/581/438 462/13/438 461/15/438
f 54/583/86 48/692/86 47/584/86
f 182/642/439 181/339/439 183/440/439
f 181/339/439 185/341/439 184/438/439
f 183/440/439 181/339/439 184/438/439
f 171/224/440 175/610/440 176/338/440
f 175/610/441 174/114/441 180/340/441
f 180/340/442 176/338/442 175/610/442
f 172/246/443 182/642/443 183/440/443
f 172/246/444 183/440/444 177/439/444
f 179/643/445 180/340/445 174/114/445
f 178/464/446 179/643/446 174/114/446
f 173/585/447 172/246/447 177/439/447
f 178/464/448 174/114/448 173/585/448
f 463/191/449 464/193/449 460/586/449
f 359/588/285 363/158/285 362/285/285
f 349/589/286 348/693/286 350/135/286
f 59/590/21 62/231/21 58/591/21
f 455/576/287 456/187/287 458/186/287
f 19/592/288 20/694/288 13/593/288
f 196/127/450 197/375/450 200/308/450
f 197/375/451 201/55/451 200/308/451
f 202/132/452 198/351/452 203/130/452
f 198/351/453 199/450/453 203/130/453
f 196/127/289 200/308/289 203/130/289
f 477/377/290 478/456/290 479/455/290
f 479/455/290 475/476/290 477/377/290
f 49/355/291 50/354/291 52/332/291
